0 0.21425468177434767 0.5732995913732215 0.04902631470761026 0.05323379693997978
3 0.7069692587361964 0.33103489740384845 0.13649432749662077 0.02176385930556419
3 0.6851534314162829 0.30404287542773756 0.0322427545267609 0.024182065895071308
1 0.7929398955788406 0.5801748555089618 0.13136071140697184 0.05343486565707337
1 0.6081443185147957 0.568485978646477 0.1335871641426833 0.0718031007266923
1 0.8877919228235579 0.5855700956778181 0.059099516429017174 0.03847043993964313
3 0.9691931435654118 0.4471601432862757 0.047948664272598765 0.010872080852507864
3 0.9563696635855305 0.5220102383862336 0.04683357905695701 0.008363139117313664
0 0.2745015991954754 0.5937622183864061 0.019640470420080623 0.02272683005752183
0 0.3114057352893738 0.593293814043496 0.02132393931323179 0.024199865339028914
