1 0.32887377573816257 0.45817071565053186 0.1439855189232177 0.030531428622136453
1 0.5201914207184647 0.45349436598173193 0.23840311083442278 0.029997065923949733
1 0.7180433731079303 0.44301127603083545 0.1400973287903961 0.026312167397274627
1 0.7268326616471275 0.5430468085499472 0.10349270888206878 0.15276837929896486
0 0.3607889419655572 0.676017635114826 0.02286253431936238 0.027116029076453146
0 0.40970413167210007 0.6742231920141784 0.015418918494453634 0.03229997581165747
3 0.727053947984383 0.6632534540939022 0.054673261349177125 0.010474089470426549
0 0.8174205962750637 0.6636033539171765 0.008393668415478558 0.009742650839395281
0 0.928017163148763 0.6179079942822545 0.030658621907923168 0.03059650215583725
0 0.9697506965870122 0.6569128963710692 0.007772258344862158 0.010992193944876626
